p cnf 49 116
-1 -4 7 0
-1 -28 7 0
-4 -28 7 0
-7 8 9 10 0
-8 1 0
-8 4 0
-1 -4 8 0
-9 1 0
-9 28 0
-1 -28 9 0
-10 4 0
-10 28 0
-4 -28 8 0
-2 -5 27 0
-2 -7 27 0
-5 -7 27 0
-11 2 0
-11 5 0
-2 -5 11 0
-12 2 0
-12 7 0
-2 -7 12 0
-13 5 0
-13 7 0
-5 -7 13 0
-18 -27 0
-18 -3 0
27 3 18 0
-14 18 0
-14 6 0
-18 -6 14 0
-19 27 0
-19 -3 0
-27 3 19 0
-15 19 0
-15 -6 0
-19 6 15 0
-20 -27 0
-20 3 0
27 -3 20 0
-16 20 0
-16 -6 0
-20 6 16 0
-21 27 0
-21 3 0
-27 -3 21 0
-17 21 0
-17 6 0
-21 -6 17 0
-14 46 0
-15 46 0
-16 46 0 
-17 46 0
-46 16 17 14 15 0 
-22 24 0
-23 24 0
-24 22 23 0
-22 25 0
-22 -26 0
-25 26 22 0
-23 26 0
-23 -25 0
25 -26 23 0
-29 26 0
-30 26 0
26 29 30 0
-29 3 0
-29 -6 0
-3 6 29 0
-30 -3 0
-30 6 0
3 -6 30 0
-35 31 0
-36 31 0
31 35 36 0
-35 2 0
-35 -5 0
-2 5 35 0
-5 -2 0
-36 5 0
2 -5 36 0
-37 32 0
-38 32 0
32 37 38 0
-37 1 0
-37 -4 0
-1 4 37 0
-38 -1 0
-38 4 0
1 -4 38 0
-43 25 0
-34 25 0
-25 43 34 0
-43 28 0
-43 33 0
-28 -33 43 0
-40 1 0
-40 4 0
-1 -4 40 0
-39 2 0
-39 5 0
-2 -5 39 0
-33 32 0
-33 31 0
-31 -32 33 0
-31 34 0
-40 34 0
31 40 -34 0
-42 34 0
-39 34 0
-34 42 39 0
35 44 48 0
-44 45 0
-44 -46 0
-45 46 44 0
-49 46 0
-49 -45 0
-46 45 49 0
-44 47 0
-49 47 0
-47 44 49 0

